function cols = default_colours

cols = struct;
cols.con = {[0 0 1],[0 0.5 0],[1 0 0]};
cols.lev = {[0.8 0.8 0],[0.8 0 0.8],[0 0.8 0.8],[0.7 0.4 0.2]};

cols.aw = cell(1,2);
cols.aw{1} = [0 0 0.5];
cols.aw{2} = [0 0.3 0];

cols.old = [...
  0.64 0.80 0.16;...
  1    0.60 0;...
  1    0.10 0;...
  0.50 0    0];

cols.v7 = [...
  0.85  0.85  0.34;...
  0.58  1.00  0.72;...
  0.20  0.84  1;...
  0.10  0.28  1;...
  0  0     0.6];